Wyznaczanie macierzy trojkatnej gornej

Wynikowa macierz trojkatna:

     -5.90     -3.40     -9.90      6.40      0.10     -2.30      7.90     -4.60     -3.50     -5.50      3.10      0.00     -5.80      9.40     -5.90     -1.60
     -4.30     -8.60      5.80     -0.60
      0.00      3.16      5.42      0.07      1.67      5.38     -8.01     -3.63     11.79     15.50      5.91      0.60     12.87    -17.89     -0.40     -0.79
      6.59     16.99    -16.57      4.35
      0.00      0.00      7.91     -2.46      9.92      7.00    -14.27     -6.70     18.12     21.42      8.66      0.90     23.35    -20.38     -0.10     -7.96
     15.32     21.81    -18.32     -0.20
      0.00      0.00      0.00    -11.26     -5.25     -3.48     17.10      6.70    -34.81    -37.22    -13.84     -0.93    -25.58     27.22     -1.54      2.87
    -18.99    -34.37     29.84     -3.69
      0.00      0.00      0.00      0.00     -3.45     14.48    -14.49    -23.34     19.23     16.44     18.00      9.76     19.61    -31.04     -4.18     -6.28
      2.56     36.85    -36.43      4.57
      0.00      0.00      0.00      0.00      0.00    -70.74     75.91    103.29    -86.41    -78.51    -71.73    -44.00   -103.62    134.28     20.85     28.32
    -25.98   -163.92    151.26    -20.67
      0.00      0.00      0.00      0.00      0.00      0.00    -16.33      7.38     -1.53     -2.95    -10.46     -0.17     12.37     -4.80     -6.41      0.20
      4.73      6.61     -7.26      0.40
      0.00      0.00      0.00      0.00      0.00      0.00      0.00    -24.53     -2.74     -4.24     22.37     19.43     -8.59     -1.83     -0.41    -11.48
     -3.23     -1.79     -3.24     -1.53
      0.00      0.00      0.00      0.00      0.00      0.00      0.00      0.00    -23.89    -12.35      4.12     13.90    -16.99     20.23      1.24      9.95
     -5.24    -31.83     29.77     -2.07
      0.00      0.00      0.00      0.00      0.00      0.00      0.00      0.00      0.00     29.32     24.37     29.90    -25.31     16.28     25.78     22.78
      5.92    -40.01     33.70    -15.91
      0.00      0.00      0.00      0.00      0.00      0.00      0.00      0.00      0.00      0.00     16.02     18.96    -27.72      3.09     -2.72     16.97
     -1.83    -26.00     19.86      2.63
      0.00      0.00      0.00      0.00      0.00      0.00      0.00      0.00      0.00      0.00      0.00    -11.09      1.69     10.09     23.45      0.87
      8.82    -16.90      4.32    -24.86
      0.00      0.00      0.00      0.00      0.00      0.00      0.00      0.00      0.00      0.00      0.00      0.00      1.88    -14.81    -40.97     -2.14
     -1.23     23.28      3.46     34.09
      0.00      0.00      0.00      0.00      0.00      0.00      0.00      0.00      0.00      0.00      0.00      0.00      0.00      8.30     65.61     13.24
     11.99    -30.93      2.61    -32.70
      0.00      0.00      0.00      0.00      0.00      0.00      0.00      0.00      0.00      0.00      0.00      0.00      0.00      0.00   1069.13    336.59
    298.79   -484.78    159.74   -328.04
      0.00      0.00      0.00      0.00      0.00      0.00      0.00      0.00      0.00      0.00      0.00      0.00      0.00      0.00      0.00    -22.88
     -0.46     21.71     -6.70    -16.03
      0.00      0.00      0.00      0.00      0.00      0.00      0.00      0.00      0.00      0.00      0.00      0.00      0.00      0.00      0.00      0.00
     -1.79      7.23     18.90    -15.72
      0.00      0.00      0.00      0.00      0.00      0.00      0.00      0.00      0.00      0.00      0.00      0.00      0.00      0.00      0.00      0.00
      0.00      6.48     37.73    -36.00
      0.00      0.00      0.00      0.00      0.00      0.00      0.00      0.00      0.00      0.00      0.00      0.00      0.00      0.00      0.00      0.00
      0.00      0.00   -415.35    490.55
      0.00      0.00      0.00      0.00      0.00      0.00      0.00      0.00      0.00      0.00      0.00      0.00      0.00      0.00      0.00      0.00
      0.00      0.00      0.00     35.68

Wyznacznik macierzy wynosi: ******************************
