Wyznaczanie macierzy trojkatnej gornej

Wynikowa macierz trojkatna:

      3.40     -2.20     -7.10      2.90     -7.90     -1.30      2.40      7.90     -9.10      0.90      8.50     -7.60     -9.20     -0.40      1.60     -7.20
      3.10     -1.90     -8.30      8.30
      0.00     -6.04     -6.39      9.11    -12.87      4.94     10.43     -1.73    -15.83     -3.83     14.55     -6.58     -7.43     -0.89      0.95      1.51
     -4.19      4.36     -1.16      8.56
      0.00      0.00    -20.61     13.70    -16.88     -1.68      5.22     13.27    -15.27      8.94     27.09    -16.10    -30.89      4.17      2.12    -22.90
     13.04      3.18    -23.78     29.62
      0.00      0.00      0.00     14.12     -9.28      8.74     10.54    -10.03    -12.22      9.02      6.84      0.08    -10.98      1.11      1.13    -12.34
      4.57      0.18      4.86      3.83
      0.00      0.00      0.00      0.00     -9.29     15.10     12.20    -15.68    -23.61    -14.57     -5.08     -3.99      4.02    -11.10     -1.97      8.20
    -17.46      9.86     17.61     -0.76
      0.00      0.00      0.00      0.00      0.00     -3.90      1.31     13.12     -5.06     17.93    -12.28    -11.86    -14.87     -2.24      3.41    -27.84
     10.02    -10.18     -3.84      1.48
      0.00      0.00      0.00      0.00      0.00      0.00     10.29     30.40    -16.66     36.56    -24.79    -43.90    -35.15     -5.70      9.94    -52.11
      7.96    -23.19      3.34      9.59
      0.00      0.00      0.00      0.00      0.00      0.00      0.00    -11.30     -1.06    -40.61      8.05     21.56     26.20    -10.70    -10.04     56.26
    -29.53     15.47      5.89    -13.12
      0.00      0.00      0.00      0.00      0.00      0.00      0.00      0.00     13.39    -95.10     34.11     22.25     64.50    -18.49    -22.93    158.76
    -84.53     28.91     22.77    -19.00
      0.00      0.00      0.00      0.00      0.00      0.00      0.00      0.00      0.00   -100.02     -0.13     60.71     65.11    -39.99    -26.40    148.32
   -100.37     33.37     18.59    -48.00
      0.00      0.00      0.00      0.00      0.00      0.00      0.00      0.00      0.00      0.00      6.59     34.29      3.68     -3.81      4.54      5.80
      8.69      5.77     -9.27    -16.07
      0.00      0.00      0.00      0.00      0.00      0.00      0.00      0.00      0.00      0.00      0.00    196.25     13.36    -32.50     18.26     -6.69
     52.86     25.74    -58.77    -94.44
      0.00      0.00      0.00      0.00      0.00      0.00      0.00      0.00      0.00      0.00      0.00      0.00    -12.00     -9.18     -1.63    -54.82
     85.57    -11.02    -30.39     13.48
      0.00      0.00      0.00      0.00      0.00      0.00      0.00      0.00      0.00      0.00      0.00      0.00      0.00    -20.09    -12.87    -58.88
    133.46    -25.43    -29.39     17.25
      0.00      0.00      0.00      0.00      0.00      0.00      0.00      0.00      0.00      0.00      0.00      0.00      0.00      0.00     10.66     -8.57
      1.72     10.14     -9.10    -16.74
      0.00      0.00      0.00      0.00      0.00      0.00      0.00      0.00      0.00      0.00      0.00      0.00      0.00      0.00      0.00      2.54
     -6.24      2.72     18.91     22.16
      0.00      0.00      0.00      0.00      0.00      0.00      0.00      0.00      0.00      0.00      0.00      0.00      0.00      0.00      0.00      0.00
      1.40     21.77    166.60    222.82
      0.00      0.00      0.00      0.00      0.00      0.00      0.00      0.00      0.00      0.00      0.00      0.00      0.00      0.00      0.00      0.00
      0.00    276.97   2182.02   2905.90
      0.00      0.00      0.00      0.00      0.00      0.00      0.00      0.00      0.00      0.00      0.00      0.00      0.00      0.00      0.00      0.00
      0.00      0.00   -310.18   -395.10
      0.00      0.00      0.00      0.00      0.00      0.00      0.00      0.00      0.00      0.00      0.00      0.00      0.00      0.00      0.00      0.00
      0.00      0.00      0.00      4.82

Wyznacznik macierzy wynosi: ************
